I 18 9 96
D 8 5
D 13 11
I 12 7 86
I 4 10 82
D 7 4
I 19 7 91
D 1 4
I 8 1 10
D 20 9
I 8 16 53
I 17 1 77
D 2 11
D 10 8
D 9 3
D 14 15
D 5 8
D 15 1
I 2 15 69
D 3 2
I 4 8 29
D 16 13
D 11 4
I 7 11 14
D 7 18
I 15 5 55
I 1 19 71
D 3 11
I 2 4 8
I 1 18 26
I 19 13 47
I 11 2 30
D 9 5
I 4 12 45
I 3 18 38
I 4 8 25
D 2 4
I 13 9 59
I 8 9 86
I 8 5 95
D 17 15
I 3 2 43
I 17 16 12
I 14 7 70
D 6 18
D 8 4
D 3 13
D 19 14
I 3 13 49
I 11 7 84
I 3 19 55
D 19 16
D 2 1
D 6 9
I 18 6 34
I 8 15 76
I 13 12 57
D 17 20
D 7 10
I 15 13 35
I 18 5 93
I 2 8 73
D 4 18
D 11 16
I 15 5 34
I 1 4 47
D 8 19
I 4 14 46
D 7 19
I 8 10 11
D 4 13
D 3 17
D 5 16
I 18 9 99
I 13 9 9
I 9 17 98
D 18 8
D 14 20
I 4 1 95
I 5 6 88
D 16 7
D 17 20
D 20 15
D 12 6
D 17 20
I 7 5 48
I 17 9 71
D 20 12
I 20 6 69
D 9 1
D 9 8
D 3 16
D 2 8
I 3 7 30
I 6 14 44
I 3 18 99
I 10 14 21
D 18 14
D 8 6
D 6 17
