D 12 16
I 20 12 6
D 11 7
D 14 15
I 13 9 20
D 8 17
D 13 8
I 11 4 49
D 12 17
I 10 19 71
I 16 15 76
D 3 11
I 19 3 69
D 4 15
I 10 4 71
D 5 2
I 18 15 19
D 9 8
D 10 13
I 12 6 63
I 9 18 67
D 14 9
D 13 17
I 9 14 63
I 3 14 37
I 10 7 47
D 19 18
D 18 13
I 12 11 71
D 17 2
D 15 10
D 4 9
D 10 15
D 16 8
I 16 4 71
I 10 6 47
D 4 5
I 12 1 16
I 16 9 65
D 4 13
I 2 4 22
D 14 2
I 19 14 13
I 3 5 36
D 2 5
I 9 16 51
I 9 3 95
I 9 20 100
I 5 16 81
D 17 7
I 12 13 42
I 18 11 11
D 1 6
D 16 7
D 4 10
D 10 3
I 11 5 54
D 17 11
D 8 9
D 3 7
I 5 10 28
D 14 13
I 13 2 18
D 5 7
D 1 17
D 13 7
D 7 4
D 7 15
I 2 6 12
D 4 11
D 3 20
D 3 15
I 5 18 63
I 9 18 24
I 15 6 32
I 16 19 21
D 7 20
I 7 1 98
I 12 16 84
I 12 17 29
D 10 19
D 3 9
I 19 13 8
I 6 16 38
I 9 1 13
I 6 18 9
I 14 19 57
D 19 1
I 20 9 57
D 3 15
D 12 15
D 3 4
I 14 5 16
I 11 5 13
I 4 13 80
D 17 2
D 10 1
I 8 15 28
I 11 19 78
I 7 1 19
